20 88
72 35
81 35
13 89
45 50
35 76
72 4
4 45
37 69
66 0
73 86
18 65
86 35
82 2
39 41
92 4
0 66
60 35
75 98
38 71
8 24
71 17
5 86
62 90
86 67
22 9
18 52
40 25
20 72
6 46
76 56
41 92
16 68
3 95
53 45
57 53
6 94
35 29
55 65
28 100
31 3
92 55
21 30
51 97
28 76
30 2
63 7
38 4
17 75
3 17
10 6
88 71
37 42
90 96
12 4
9 6
21 70
66 88
19 56
21 80
67 14
58 4
47 59
18 78
53 37
97 24
86 100
60 74
29 66
57 90
90 71
19 63
30 42
46 55
81 73
8 21
73 9
99 3
47 38
68 15
51 95
79 27
33 41
41 64
47 76
43 97
100 90
90 57
56 74
64 51
39 19
43 100
27 58
60 38
23 8
12 67
16 19
86 73
27 77
59 69
22 32
17 54
77 71
77 13
66 18
41 67
18 53
89 83
48 55
65 57
19 47
74 2
50 64
87 24
26 9
61 95
13 55
37 50
74 53
62 96
10 79
3 92
21 65
39 25
77 12
62 13
81 78
67 78
86 89
68 27
83 22
15 91
41 25
92 13
43 79
13 27
7 33
80 9
76 5
72 42
38 83
34 16
42 69
1 70
50 28
36 76
26 64
2 84
62 90
11 81
67 22
83 1
65 90
51 63
43 31
65 62
75 17
98 20
38 34
61 95
37 20
10 18
0 10
21 88
2 12
64 43
44 60
26 80
7 20
69 40
70 73
40 47
35 68
67 18
35 34
21 73
28 74
79 74
84 92
9 83
94 71
17 59
88 49
42 77
72 74
11 96
15 18
20 16
69 98
25 90
84 27
84 64
46 78
65 20
18 70
27 61
49 84
35 90
82 66
32 75
88 19
85 35
90 6
52 87
89 10
76 14
16 85
7 5
96 67
39 39
50 59
20 81
83 63
54 8
56 28
35 74
49 53
99 47
84 65
9 97
65 59
77 34
0 90
67 62
62 60
82 96
78 78
1 17
52 43
36 88
0 60
82 53
8 91
15 44
8 78
55 18
18 9
52 82
58 73
67 64
29 68
68 7
27 1
36 55
85 84
94 59
85 35
27 83
40 64
86 89
20 18
77 28
63 81
14 31
55 47
49 92
79 51
78 49
37 13
94 23
72 87
80 36
3 14
77 49
10 9
93 44
40 75
44 31
50 95
17 85
62 12
15 24
60 92
17 99
53 6
59 61
91 47
17 12
36 49
22 16
30 58
14 8
32 9
8 36
84 66
5 35
4 78
57 53
70 79
36 10
23 47
7 80
98 41
35 1
38 45
19 6
76 12
29 59
88 18
37 24
87 33
21 68
0 74
75 48
12 57
58 31
38 42
56 14
45 54
22 34
3 67
92 35
54 57
31 20
3 89
100 55
52 79
12 84
46 54
60 41
34 77
67 57
33 36
21 67
98 20
52 88
47 8
97 41
0 99
26 96
79 56
90 48
20 2
11 63
67 91
64 32
16 34
14 63
45 8
27 83
52 40
23 93
65 28
86 40
26 47
66 5
17 95
7 46
59 23
40 98
6 73
54 7
79 67
68 0
51 100
2 36
22 85
74 23
21 79
24 24
38 68
20 70
13 57
23 89
94 4
31 22
30 93
77 44
34 61
66 27
96 56
58 80
89 95
82 7
62 36
36 87
46 91
74 16
54 88
86 19
73 16
82 69
40 40
27 89
54 34
66 58
56 50
26 97
70 62
45 3
55 76
76 89
17 47
99 68
18 5
60 47
43 19
3 40
74 63
20 97
71 11
55 79
50 79
16 38
66 27
96 32
60 51
42 71
59 43
2 33
4 68
54 61
62 41
33 1
48 99
86 55
48 97
49 31
81 13
46 76
52 52
91 33
98 59
7 34
6 72
35 83
35 62
8 33
100 87
28 86
5 4
31 77
73 49
36 40
53 3
8 3
51 72
41 57
34 57
13 75
4 67
38 30
85 56
95 90
9 97
50 91
46 3
8 19
16 14
76 31
100 95
5 50
54 64
71 13
12 87
7 91
43 75
49 2
45 23
56 68
61 8
82 34
64 86
28 80
82 3
15 69
62 27
40 61
96 65
33 76
32 82
63 82
54 56
60 51
84 23
1 38
14 19
61 58
22 94
81 38
11 20
49 25
84 26
11 4
55 65
84 20
70 61
83 36
96 32
6 94
67 39
34 72
56 40
55 46
11 88
27 79
39 70
66 75
51 13
98 97
59 66
90 8
59 28
75 39
51 87
91 4
33 56
19 75
1 98
29 49
98 97
84 87
36 80
5 33
60 9
41 10
25 78
92 80
76 35
12 21
67 77
84 11
8 24
86 87
7 34
52 65
61 25
16 91
27 70
99 86
44 54
49 17
63 43
54 90
60 95
32 65
64 65
99 11
91 47
24 43
49 40
51 50
81 83
24 21
99 35
26 67
84 19
42 90
56 10
54 99
3 34
96 80
6 100
21 95
55 89
69 29
31 22
96 46
85 64
56 58
1 95
82 26
52 83
81 94
20 38
9 4
42 86
91 50
52 21
79 3
62 50
7 98
74 72
70 97
77 38
60 37
88 57
87 14
57 60
8 82
49 65
80 29
33 73
95 84
10 75
58 15
1 52
68 98
94 30
11 54
15 11
1 55
47 94
98 19
81 23
10 85
54 82
78 60
16 87
94 28
3 71
51 88
11 63
59 96
76 78
35 72
33 37
23 70
35 64
45 87
92 24
58 65
46 16
95 31
57 14
79 96
54 15
52 13
32 12
87 45
59 97
78 94
72 14
3 72
6 80
31 41
83 82
23 63
97 67
4 60
70 43
52 76
13 91
59 66
84 90
63 93
14 43
93 49
39 14
70 92
88 6
72 82
81 98
80 79
42 54
3 63
36 75
4 93
23 9
78 32
37 56
35 40
77 27
100 23
12 78
88 31
87 5
83 8
58 16
16 97
84 55
15 31
64 62
43 17
36 73
97 80
54 49
58 1
18 47
21 63
62 67
52 14
88 65
74 3
40 37
47 80
7 96
28 34
88 39
80 27
18 2
87 50
25 48
24 5
32 27
26 46
1 0
43 34
16 90
40 61
5 98
61 18
53 8
76 47
52 32
68 66
13 12
63 22
66 50
31 60
10 45
24 1
85 13
79 78
27 64
18 19
55 91
61 35
50 13
78 6
77 40
95 13
38 78
28 14
83 17
65 94
74 43
76 95
74 17
72 25
32 93
17 88
56 38
68 61
58 100
66 30
88 70
94 80
17 42
29 94
19 96
7 87
93 7
8 28
17 98
14 29
43 94
18 70
98 58
77 11
4 23
26 71
0 50
69 64
44 65
1 82
70 25
12 54
45 70
61 65
99 97
38 2
43 71
58 99
55 21
33 2
75 35
5 100
8 1
30 31
15 69
84 15
76 41
17 72
17 29
61 97
65 50
48 9
72 65
11 54
89 7
99 91
83 31
77 75
10 19
35 47
84 57
53 93
19 93
23 50
0 6
23 16
38 93
60 52
92 62
72 54
74 84
55 26
13 93
77 42
71 71
36 98
20 68
10 43
86 45
44 63
31 66
29 43
44 71
5 100
32 70
100 38
48 63
39 11
20 28
98 63
11 77
17 60
47 94
59 67
22 96
7 69
76 11
92 41
27 6
17 81
49 87
0 62
69 30
42 11
13 59
70 39
61 54
97 44
44 5
96 9
81 44
70 39
82 71
45 6
22 73
27 100
92 85
56 65
31 21
50 39
97 67
20 82
55 72
26 7
64 20
79 74
70 2
0 37
0 11
56 41
91 65
85 96
68 66
29 53
60 87
99 63
55 81
26 38
28 77
21 20
30 20
46 47
46 40
61 11
3 87
31 83
97 72
51 79
86 3
6 32
52 6
55 11
32 17
17 43
79 3
66 19
99 21
92 97
41 36
92 79
19 85
21 88
24 92
64 98
51 2
47 79
65 68
51 52
53 54
77 53
21 32
8 72
35 3
17 89
41 20
25 98
86 5
33 81
36 30
90 28
24 22
82 81
31 3
34 72
54 37
47 87
85 55
60 39
38 28
71 84
99 78
75 97
23 64
92 70
64 89
29 49
56 62
49 7
47 47
4 97
84 55
85 84
52 19
15 91
28 10
26 31
65 16
14 47
39 31
41 55
22 55
73 27
44 10
29 0
83 69
94 95
95 73
35 31
27 12
85 93
41 86
71 59
17 47
8 61
80 64
83 39
10 5
100 22
78 62
41 38
10 9
89 53
68 0
79 78
41 63
73 67
20 90
47 56
24 81
66 23
98 54
46 86
74 35
33 96
65 49
21 65
79 39
19 26
37 37
27 1
27 14
28 63
57 71
84 45
23 35
0 30
58 96
28 86
39 94
9 15
99 83
68 74
10 3
34 61
83 50
92 48
94 69
79 65
53 64
64 56
78 10
29 40
90 79
62 70
94 6
12 68
46 50
88 66
55 26
46 3
66 93
15 92
48 61
24 86
